"state_code","year","quarter","media","min","max"
"01",2015,"1",10.87942,"3.7","22.5"
"01",2015,"2",11.1202,"3.0","26.4"
"01",2015,"3",11.51592,"3.1","22.5"
"01",2015,"4",6.88486,"0.8","18.1"
"01",2016,"1",7.97484,"2.4","14.3"
"01",2016,"2",10.39372,"3.1","21.7"
"01",2016,"3",8.90306,"3.7","16.0"
"01",2016,"4",9.27226,"2.5","34.7"
"01",2017,"1",8.625,"2.6","22.0"
"01",2017,"2",7.31178,"3.0","17.4"
"01",2017,"3",10.1425,"3.9","18.8"
"01",2017,"4",8.95648,"0.0","27.2"
"01",2018,"1",8.18802,"2.6","17.9"
"01",2018,"2",10.85334,"3.9","24.7"
"01",2018,"3",9.55526,"3.2","17.6"
"01",2018,"4",7.62106,"1.2","24.0"
"01",2019,"1",6.55298,"1.5","17.8"
"01",2019,"2",8.71074,"3.1","21.6"
"01",2019,"3",10.76466,"5.4","19.3"
"01",2019,"4",7.1645,"1.6","19.7"
"01",2020,"1",6.6436,"1.0","13.7"
"01",2020,"2",8.6022,"3.2","35.0"
"01",2020,"3",7.54793333333333,"3.0","13.3"
"01",2020,"4",8.25523333333333,"2.3","17.1"
"01",2021,"1",7.46483333333333,"2.5","16.2"
"01",2021,"2",7.40856666666667,"3.2","11.9"
"01",2021,"3",9.01696666666667,"3.0","29.1"
"01",2021,"4",7.56876666666667,"3.7","18.1"
"01",2022,"1",7.1633,"2.7","15.2"
"01",2022,"2",9.35335,"5.0","16.8"
"02",2015,"1",20.3769,"2.4","47.1"
"02",2015,"2",8.14613333333333,"2.5","76.9"
"02",2015,"3",4.0619,"1.5","5.5"
"02",2015,"4",12.7929,"4.3","34.9"
"02",2016,"1",13.8385,"3.0","29.4"
"02",2016,"2",3.5267,"1.6","8.3"
"02",2016,"3",3.2308,"1.4","6.8"
"02",2016,"4",12.32,"3.5","22.2"
"02",2017,"1",26.85835,"5.7","73.2"
"02",2017,"2",3.9896,"1.7","7.7"
"02",2017,"3",4.79531666666667,"1.5","5.1"
"02",2017,"4",11.6584666666667,"0.3","56.8"
"02",2018,"1",12.1202,"1.3","44.8"
"02",2018,"2",4.3118,"0.0","11.8"
"02",2018,"3",4.62455555555556,"0.5","8.0"
"02",2018,"4",13.983,"0.9","49.9"
"02",2019,"1",15.8520666666667,"1.7","78.3"
"02",2019,"2",4.8992,"0.0","8.9"
"02",2019,"3",12.9141,"0.2","30.8"
"02",2019,"4",12.03155,"0.9","63.7"
"02",2020,"1",15.03515,"1.2","68.0"
"02",2020,"2",3.9405,"0.3","9.8"
"02",2020,"3",3.5033,"0.1","9.0"
"02",2020,"4",14.28245,"1.5","69.3"
"02",2021,"1",18.50535,"1.6","47.1"
"02",2021,"2",4.75135,"1.1","9.8"
"02",2021,"3",5.65685,"0.0","31.0"
"02",2021,"4",11.5555,"0.2","59.5"
"02",2022,"1",10.7323666666667,"1.3","71.1"
"02",2022,"2",13.9781333333333,"1.4","230.2"
"02",2022,"3",2.58,"0.8","6.0"
"05",2015,"1",8.41665,"4.5","17.4"
"05",2015,"2",9.99285,"3.0","21.0"
"05",2015,"3",11.54375,"5.3","18.9"
"05",2015,"4",11.40715,"6.6","19.1"
"05",2016,"1",8.0125,"4.7","15.5"
"05",2016,"2",9.18305,"4.8","17.2"
"05",2016,"3",12.05,"1.2","19.5"
"05",2016,"4",11.775,"5.8","19.4"
"05",2017,"1",9.1,"3.5","13.9"
"05",2017,"2",7.99195,"5.3","12.0"
"05",2017,"3",10.93125,"4.8","22.2"
"05",2017,"4",9.4357,"2.0","17.1"
"05",2018,"1",8.8625,"5.2","15.5"
"05",2018,"2",10.9488,"5.5","16.1"
"05",2018,"3",11.59105,"1.7","28.8"
"05",2018,"4",7.26875,"3.7","14.0"
"05",2019,"1",7.35,"1.4","13.9"
"05",2019,"2",9.5616,"3.3","14.0"
"05",2019,"3",11.275,"4.8","22.8"
"05",2019,"4",9.3619,"3.9","17.8"
"05",2020,"1",7.76785,"3.9","12.6"
"05",2020,"2",7.4286,"4.1","13.1"
"05",2020,"3",9.23125,"3.0","17.9"
"05",2020,"4",10.02945,"4.3","16.5"
"05",2021,"1",8.0643,"3.7","12.4"
"05",2021,"2",8.625,"4.1","16.2"
"05",2021,"3",14.02855,"4.1","26.3"
"05",2021,"4",8.3286,"2.9","21.3"
"05",2022,"1",7.6643,"4.0","9.2"
"06",2015,"1",9.6119,"1.4","8.2"
"06",2015,"2",8.66642,"0.8","9.4"
"06",2015,"3",8.46778,"0.3","9.5"
"06",2015,"4",12.15864,"0.3","57.3"
"06",2016,"1",10.92118,"0.2","7.3"
"06",2016,"2",7.61476666666667,"0.4","6.8"
"06",2016,"3",10.189625,"0.2","51.6"
"06",2016,"4",10.99178,"0.4","8.0"
"06",2017,"1",11.90415,"3.0","54.9"
"06",2017,"2",7.79833333333333,"0.3","6.5"
"06",2017,"3",9.6108375,"1.3","52.0"
"06",2017,"4",13.4949142857143,"1.0","8.0"
"06",2018,"1",9.6038,"0.8","8.0"
"06",2018,"2",9.78645,"2.0","9.1"
"06",2018,"3",13.8336571428571,"3.0","69.0"
"06",2018,"4",14.2292833333333,"1.0","6.0"
"06",2019,"1",6.74955714285714,"1.0","8.0"
"06",2019,"2",7.13983333333333,"1.0","9.0"
"06",2019,"3",8.17263333333333,"2.0","8.4"
"06",2019,"4",10.2268714285714,"1.0","9.3"
"06",2020,"1",9.44891666666667,"1.0","6.4"
"06",2020,"2",6.93792,"0.0","9.0"
"06",2020,"3",26.6578666666667,"4.4","7.1"
"06",2020,"4",13.8088625,"1.0","44.0"
"06",2021,"1",9.903575,"1.0","8.0"
"06",2021,"2",8.00425,"1.0","8.4"
"06",2021,"3",11.63106,"1.0","41.3"
"06",2021,"4",10.7395,"1.0","61.1"
"06",2022,"1",7.28774,"1.0","5.7"
"06",2022,"2",7.9516,"1.0","7.2"
"08",2015,"1",7.33556666666667,"1.5","5.8"
"08",2015,"2",4.79665,"1.8","9.5"
"08",2015,"3",5.81645,"1.9","7.2"
"08",2015,"4",4.09945,"1.1","4.7"
"08",2016,"1",4.66335,"1.8","6.9"
"08",2016,"2",4.46,"1.1","6.8"
"08",2016,"3",6.6533,"4.6","9.6"
"08",2016,"4",8.12335,"3.9","20.0"
"08",2017,"1",7.2131,"2.9","23.3"
"08",2017,"2",5.854,"1.2","8.2"
"08",2017,"3",12.6,"3.6","48.0"
"08",2017,"4",8.1333,"2.9","20.3"
"08",2018,"1",9.9121,"3.6","36.3"
"08",2018,"2",6.67215,"1.7","12.8"
"08",2018,"3",9.71565,"5.7","22.9"
"08",2018,"4",8.7,"2.4","20.0"
"08",2019,"1",11.8172,"2.0","34.8"
"08",2019,"2",5.6467,"1.3","15.6"
"08",2019,"3",7.4833,"4.1","9.3"
"08",2019,"4",9.3844,"2.7","24.4"
"08",2020,"1",5.5333,"1.9","12.6"
"08",2020,"2",5.4333,"3.1","9.5"
"08",2020,"3",13.31065,"4.6","41.3"
"08",2020,"4",7.8071,"2.1","17.8"
"08",2021,"1",9.7067,"1.8","35.5"
"08",2021,"3",14.64645,"5.4","42.1"
"08",2021,"4",7.29065,"2.1","16.2"
"08",2022,"1",6.3433,"2.6","16.6"
"08",2022,"2",8.25,"2.4","22.7"
"08",2022,"3",7.42,"3.7","17.2"
"09",2015,"1",10.3282,"4.0","20.9"
"09",2015,"2",8.0705,"2.5","26.6"
"09",2015,"3",8.75715,"2.7","23.2"
"09",2015,"4",6.73715,"1.1","14.5"
"09",2016,"1",7.5173,"0.3","22.7"
"09",2016,"2",5.87155,"1.1","8.7"
"09",2016,"3",6.4462,"2.1","9.7"
"09",2016,"4",6.90335,"1.2","13.2"
"09",2017,"1",6.66,"2.7","13.9"
"09",2017,"2",5.475,"1.0","17.7"
"09",2017,"3",6.2067,"2.9","13.0"
"09",2017,"4",7.52,"2.2","18.5"
"09",2018,"1",6.98,"3.1","15.5"
"09",2018,"2",6.4133,"1.6","18.6"
"09",2018,"3",7.9125,"2.9","19.1"
"09",2018,"4",4.38,"1.6","11.8"
"09",2019,"1",5.6733,"1.7","16.0"
"09",2019,"2",4.4867,"2.1","7.3"
"09",2019,"3",7.0875,"3.4","14.4"
"09",2019,"4",6.9667,"1.2","25.6"
"09",2020,"1",5.82,"1.4","12.4"
"09",2020,"2",5.3533,"1.0","10.5"
"09",2020,"3",7.3875,"3.7","14.2"
"09",2020,"4",5.94,"1.0","18.6"
"09",2021,"1",6.3667,"2.0","20.6"
"09",2021,"2",6.4867,"0.9","11.6"
"09",2021,"3",9.64,"2.4","32.0"
"09",2021,"4",6.3375,"2.2","13.0"
"09",2022,"1",7.6733,"1.7","15.0"
"09",2022,"2",4.3067,"1.3","6.8"
"10",2015,"1",11.375,"3.4","18.5"
"10",2015,"2",8.4611,"1.6","27.5"
"10",2015,"3",9.4333,"3.6","26.9"
"10",2016,"1",9.6588,"4.0","21.4"
"10",2016,"4",8.6143,"1.7","16.7"
"10",2017,"1",8.7667,"3.1","19.3"
"10",2017,"2",5.6438,"1.2","14.7"
"10",2017,"3",7.38,"3.3","12.0"
"10",2017,"4",10.3583,"2.6","26.1"
"10",2018,"1",10.4429,"2.3","21.8"
"10",2018,"2",7.1357,"3.4","13.5"
"10",2018,"3",7.4923,"0.1","14.4"
"10",2019,"1",8.9769,"2.3","31.4"
"10",2019,"2",6.45,"2.8","13.8"
"10",2019,"3",8.9083,"3.8","14.2"
"10",2020,"3",7.8625,"3.1","13.0"
"10",2020,"4",6.7286,"1.4","21.4"
"10",2021,"1",7.9933,"2.4","16.5"
"11",2015,"1",11.0621,"0.0","25.2"
"11",2015,"2",9.1931,"3.0","27.2"
"11",2015,"3",10.0133,"2.3","24.8"
"11",2015,"4",7.6143,"2.2","20.5"
"11",2016,"1",9.46,"2.3","31.5"
"11",2016,"3",8.4931,"4.0","12.6"
"11",2018,"1",8.1043,"2.2","17.2"
"11",2018,"2",6.831,"2.2","13.8"
"11",2018,"3",8.0321,"3.0","23.2"
"11",2018,"4",7.4448,"1.2","22.7"
"11",2019,"2",6.4143,"1.1","14.8"
"11",2019,"3",8.4897,"4.6","14.0"
"11",2019,"4",7.3536,"2.9","30.9"
"11",2020,"1",5.3871,"1.9","10.0"
"11",2020,"2",4.9276,"0.2","9.5"
"11",2020,"3",7.8226,"3.4","26.5"
"11",2020,"4",7.1519,"0.8","29.2"
"11",2021,"1",7.4143,"2.6","17.8"
"11",2021,"2",6.1333,"0.6","12.5"
"11",2021,"3",11.5806,"4.9","36.0"
"11",2021,"4",6.9903,"2.3","11.8"
"12",2015,"1",8.10301538461538,"2.6","9.6"
"12",2015,"2",6.11572222222222,"1.9","9.2"
"12",2015,"3",6.77168333333333,"2.0","9.4"
"12",2015,"4",5.10458,"1.7","8.5"
"12",2016,"1",8.21543333333333,"2.6","9.8"
"12",2016,"2",7.16268333333333,"0.8","9.7"
"12",2016,"3",5.75844444444444,"2.7","9.5"
"12",2016,"4",5.57051,"1.7","9.9"
"12",2017,"1",7.32243333333333,"3.2","9.7"
"12",2017,"2",7.75220909090909,"2.8","24.4"
"12",2017,"3",7.1875,"2.6","8.6"
"12",2017,"4",7.49954,"3.0","23.7"
"12",2018,"1",6.80894,"1.7","6.3"
"12",2018,"2",7.878575,"2.9","8.2"
"12",2018,"3",5.76606,"3.0","7.4"
"12",2018,"4",6.63868333333333,"2.8","9.9"
"12",2019,"1",6.58048,"2.6","8.9"
"12",2019,"2",8.32221666666667,"3.2","21.3"
"12",2019,"3",7.453125,"3.1","8.0"
"12",2019,"4",4.9,"1.6","8.0"
"12",2020,"1",7.36013333333333,"3.1","13.0"
"12",2020,"2",7.3607,"4.4","11.9"
"12",2020,"3",6.05236666666667,"3.6","7.9"
"12",2020,"4",6.14403333333333,"2.5","9.1"
"12",2021,"1",6.05,"2.6","9.8"
"12",2021,"2",6.5982,"3.4","8.3"
"12",2021,"3",7.7786,"2.1","17.0"
"12",2021,"4",7.0389,"1.7","12.3"
"12",2022,"1",7.1506,"3.2","11.4"
"12",2022,"2",7.6857,"5.5","9.9"
"12",2022,"3",5.4,"3.3","8.5"
"15",2015,"1",7.9445,"-0.9","21.7"
"15",2015,"2",7.76216,"-0.4","20.1"
"15",2015,"3",7.10136,"0.9","17.0"
"15",2015,"4",6.70998,"-0.7","20.0"
"15",2016,"1",6.58685,"-1.0","47.2"
"15",2016,"2",9.56818,"-4.1","23.9"
"15",2016,"3",9.6989,"-0.8","8.6"
"15",2016,"4",9.2999,"-1.0","6.5"
"15",2017,"1",12.8758,"-1.0","30.6"
"15",2017,"2",5.9836,"-0.5","6.7"
"15",2017,"3",4.50174,"-0.5","9.5"
"15",2017,"4",5.34558,"-0.2","13.8"
"15",2018,"1",6.17362857142857,"0.2","9.7"
"15",2018,"2",8.61022857142857,"-0.9","9.7"
"15",2018,"3",7.40612857142857,"1.5","7.7"
"15",2018,"4",3.39522,"1.1","8.4"
"15",2019,"1",3.26057142857143,"-0.4","7.9"
"15",2019,"2",3.15958571428571,"-0.2","8.8"
"15",2019,"3",3.54994285714286,"0.1","84.5"
"15",2019,"4",3.06012,"0.2","7.6"
"15",2020,"1",3.661825,"0.3","8.9"
"15",2020,"2",2.4356,"0.2","6.5"
"15",2020,"3",2.72965,"0.3","6.4"
"15",2020,"4",3.2775,"0.3","7.9"
"15",2021,"1",3.90293333333333,"0.5","7.2"
"15",2021,"2",2.82193333333333,"0.2","6.7"
"15",2021,"3",2.9098,"0.2","5.7"
"15",2021,"4",3.31652,"-0.3","8.8"
"15",2022,"1",3.56338,"-0.1","9.0"
"15",2022,"2",4.143675,"-1.0","8.4"
"16",2015,"1",6.95355,"0.2","8.3"
"16",2015,"2",4.1744,"0.9","8.6"
"16",2015,"3",8.63658333333333,"1.4","55.6"
"16",2015,"4",6.161425,"0.0","34.3"
"16",2016,"1",5.9094,"0.5","28.0"
"16",2016,"2",3.9662,"1.5","6.6"
"16",2016,"3",6.31,"0.3","8.0"
"16",2016,"4",5.9788,"0.0","8.8"
"16",2017,"1",8.9,"0.7","39.8"
"16",2017,"2",3.1431,"0.0","7.8"
"16",2017,"3",12.559575,"2.2","8.4"
"16",2017,"4",5.78,"0.8","29.7"
"16",2018,"1",4.6,"1.0","8.7"
"16",2018,"2",3.8267,"1.1","7.7"
"16",2018,"3",10.87,"3.0","30.3"
"16",2018,"4",7.0933,"2.7","21.7"
"16",2019,"1",8.15615,"0.9","49.8"
"16",2019,"2",3.86765,"0.4","9.1"
"16",2019,"3",5.958625,"3.1","9.7"
"16",2019,"4",12.43335,"3.2","49.9"
"16",2020,"1",6.01215,"1.2","23.0"
"16",2020,"2",3.8057,"0.9","8.1"
"16",2020,"3",12.2051333333333,"2.2","31.0"
"16",2020,"4",10.1667,"2.7","27.4"
"16",2021,"1",6.91615,"1.4","27.0"
"16",2021,"2",4.70665,"1.5","8.1"
"16",2021,"3",16.73765,"2.4","80.6"
"16",2021,"4",7.2201,"1.7","20.2"
"16",2022,"1",8.4714,"3.1","14.9"
"16",2022,"2",4.5067,"1.5","7.7"
"18",2015,"1",11.8527,"3.2","32.0"
"18",2015,"2",10.226025,"2.3","26.4"
"18",2015,"3",12.5206333333333,"2.5","87.6"
"18",2015,"4",8.01506666666667,"2.0","19.6"
"18",2016,"1",9.26053333333333,"2.5","20.7"
"18",2016,"2",8.09333333333333,"2.5","18.4"
"18",2016,"3",8.13576666666667,"2.8","16.3"
"18",2016,"4",8.73316666666667,"2.0","20.7"
"18",2017,"1",9.6181,"1.8","23.3"
"18",2017,"2",6.4233,"2.2","11.5"
"18",2017,"3",10.04665,"4.0","20.1"
"18",2017,"4",9.3044,"1.5","41.4"
"18",2018,"1",9.57275,"3.8","18.5"
"18",2018,"2",9.09785,"4.8","17.2"
"18",2018,"3",8.90225,"3.7","15.5"
"18",2018,"4",10.5333,"2.7","26.4"
"18",2019,"1",9.76,"3.5","30.6"
"18",2019,"2",8.1,"2.7","16.6"
"18",2019,"3",10.5308,"7.2","15.3"
"18",2019,"4",10.9467,"3.3","28.3"
"18",2020,"1",9.6571,"4.4","16.6"
"18",2020,"2",8.5571,"3.8","21.0"
"18",2020,"3",10.0813,"4.0","16.4"
"18",2020,"4",9.52,"2.4","20.5"
"18",2021,"1",11.2333,"3.0","22.4"
"18",2021,"2",8.9,"4.6","22.2"
"18",2021,"3",13.2333,"5.9","33.9"
"18",2021,"4",7.5857,"2.8","17.2"
"18",2022,"1",9.5143,"4.1","21.8"
"18",2022,"2",10.9533,"2.5","20.5"
"19",2015,"1",10.2017,"4.0","31.7"
"19",2015,"2",8.30832,"1.6","25.0"
"19",2015,"3",9.15672,"2.0","27.7"
"19",2015,"4",6.77532,"1.0","14.8"
"19",2016,"1",9.36666,"1.1","20.8"
"19",2016,"2",7.092375,"2.3","9.9"
"19",2016,"3",7.6799,"3.3","16.1"
"19",2016,"4",6.6752,"1.1","18.4"
"19",2017,"1",7.98588,"0.7","21.7"
"19",2017,"2",6.22696,"1.0","20.3"
"19",2017,"3",8.96532,"3.1","20.7"
"19",2017,"4",7.084,"1.8","21.4"
"19",2018,"1",10.17374,"3.2","24.5"
"19",2018,"2",7.54142,"0.6","15.7"
"19",2018,"3",8.25338,"2.6","22.7"
"19",2018,"4",6.874925,"1.1","24.8"
"19",2019,"1",8.75432,"2.5","22.0"
"19",2019,"2",5.89104,"0.9","9.5"
"19",2019,"3",8.47696,"3.5","31.3"
"19",2019,"4",7.13466,"1.4","22.8"
"19",2020,"1",7.95012,"1.8","9.4"
"19",2020,"2",6.8898,"2.7","9.6"
"19",2020,"3",7.61966,"3.1","14.6"
"19",2020,"4",9.01068,"2.5","28.0"
"19",2021,"1",10.2724,"2.1","20.6"
"19",2021,"2",7.24268,"1.2","26.5"
"19",2021,"3",10.07392,"3.0","26.3"
"19",2021,"4",6.74386,"0.8","17.6"
"19",2022,"1",6.75266,"1.5","17.2"
"19",2022,"2",7.70402,"1.5","24.5"
"19",2022,"3",7.37868,"3.2","18.9"
"20",2015,"1",9.34,"2.3","21.7"
"20",2015,"2",6.68845,"2.5","18.3"
"20",2015,"3",9.98205,"5.1","20.1"
"20",2015,"4",6.2179,"0.3","9.1"
"20",2016,"1",8.2321,"2.6","21.1"
"20",2016,"2",7.76215,"1.6","18.9"
"20",2016,"3",8.7,"4.8","15.2"
"20",2016,"4",7.08486666666667,"-0.4","15.1"
"20",2017,"1",6.87495,"0.4","20.9"
"20",2017,"2",6.39413333333333,"0.0","17.8"
"20",2017,"3",9.76926666666667,"4.1","25.9"
"20",2017,"4",7.73515,"0.4","22.8"
"20",2018,"1",10.5133,"3.5","26.4"
"20",2018,"2",8.79376666666667,"2.1","34.8"
"20",2018,"3",9.3898,"1.6","31.3"
"20",2018,"4",7.80033333333333,"1.2","24.8"
"20",2019,"1",8.733,"0.9","22.2"
"20",2019,"2",7.723375,"0.0","69.3"
"20",2019,"3",9.50523333333333,"3.4","20.1"
"20",2019,"4",7.7216,"1.2","23.2"
"20",2020,"1",8.120275,"2.1","38.8"
"20",2020,"2",8.91572,"1.8","72.7"
"20",2020,"3",9.341975,"1.0","42.1"
"20",2020,"4",8.2702,"0.2","22.4"
"20",2021,"1",9.10478,"0.8","39.9"
"20",2021,"2",8.56856,"1.7","32.0"
"20",2021,"3",12.99682,"4.5","55.8"
"20",2021,"4",8.82368,"1.4","43.8"
"20",2022,"1",8.82258,"2.2","28.9"
"20",2022,"2",9.42614,"1.0","35.3"
"21",2015,"1",9.56535,"0.1","22.1"
"21",2015,"2",9.67335,"4.0","26.9"
"21",2015,"3",11.16515,"2.7","49.8"
"21",2015,"4",6.017825,"1.4","9.1"
"21",2016,"1",7.023475,"1.5","9.7"
"21",2016,"2",7.81715,"4.2","14.2"
"21",2016,"3",7.701675,"3.2","15.2"
"21",2016,"4",10.4167,"2.6","39.7"
"21",2017,"1",7.39845,"2.7","16.1"
"21",2017,"2",6.1719,"1.9","9.2"
"21",2017,"3",9.116975,"3.4","15.0"
"21",2017,"4",7.9472,"2.5","17.2"
"21",2018,"1",8.303225,"2.7","17.3"
"21",2018,"2",8.88995,"4.0","17.6"
"21",2018,"3",8.8742,"2.5","21.5"
"21",2018,"4",7.806,"2.7","28.2"
"21",2019,"1",7.040925,"1.8","15.8"
"21",2019,"2",6.846975,"2.6","16.6"
"21",2019,"3",9.52393333333333,"3.8","16.9"
"21",2019,"4",6.40016666666667,"2.0","16.8"
"21",2020,"1",7.0822,"3.4","16.7"
"21",2020,"2",7.0465,"1.9","13.8"
"21",2020,"3",8.0432,"3.4","14.7"
"21",2020,"4",7.39996666666667,"2.3","17.5"
"21",2021,"1",9.6333,"4.9","29.8"
"21",2021,"2",7.06175,"3.4","13.0"
"21",2021,"3",10.8467,"4.8","24.2"
"21",2021,"4",4.6467,"0.3","9.9"
"21",2022,"1",7.26785,"2.6","16.5"
"21",2022,"2",8.66735,"2.5","21.1"
"22",2015,"1",7.9,"4.5","12.7"
"22",2015,"3",10.72,"7.4","14.2"
"22",2015,"4",10.13,"3.0","16.7"
"22",2016,"1",9.4125,"5.2","18.9"
"22",2016,"2",9.9889,"6.4","15.9"
"22",2016,"3",11.7,"4.8","17.3"
"22",2016,"4",10.35,"5.2","15.0"
"22",2017,"1",9.4857,"6.6","12.6"
"22",2017,"2",11.825,"7.7","16.8"
"22",2017,"3",12.6333,"8.9","18.5"
"22",2017,"4",8.8,"4.1","16.4"
"22",2018,"1",7.6429,"3.0","16.5"
"22",2018,"2",10.5143,"6.0","15.7"
"22",2018,"3",15.3714,"4.8","43.1"
"22",2018,"4",8.7889,"4.0","15.1"
"22",2019,"1",8.8889,"5.1","12.9"
"22",2019,"2",12.1667,"5.5","19.1"
"22",2019,"3",12.275,"4.6","22.3"
"22",2019,"4",10.1,"3.8","18.5"
"22",2020,"1",7.3111,"4.4","10.4"
"22",2020,"2",8.425,"4.8","14.5"
"22",2020,"3",14.0444,"3.5","26.7"
"22",2020,"4",8.225,"3.5","12.4"
"22",2021,"1",8.3,"5.2","10.9"
"22",2021,"2",9.325,"5.5","14.8"
"22",2021,"3",9.6,"6.7","16.1"
"22",2021,"4",8.1625,"4.1","13.2"
"22",2022,"1",9.3625,"4.6","12.0"
"22",2022,"2",11.25,"6.7","14.8"
"23",2015,"1",8.45456666666667,"0.2","33.8"
"23",2015,"2",4.712075,"-0.6","9.2"
"23",2015,"3",7.56425714285714,"-0.8","28.1"
"23",2015,"4",6.19671666666667,"0.5","9.6"
"23",2016,"1",6.72908333333333,"-0.2","8.6"
"23",2016,"2",4.68242857142857,"-0.6","9.1"
"23",2016,"3",4.82818571428571,"-0.2","8.9"
"23",2016,"4",5.62023333333333,"-0.4","6.8"
"23",2017,"1",7.32476,"-1.7","8.0"
"23",2017,"2",3.44418,"-1.2","9.4"
"23",2017,"3",6.49102857142857,"0.3","9.6"
"23",2017,"4",6.5162,"-0.7","9.7"
"23",2018,"1",6.66663333333333,"0.0","27.0"
"23",2018,"2",4.98358571428571,"-1.6","93.2"
"23",2018,"3",6.0439,"-0.4","9.9"
"23",2018,"4",4.70908333333333,"-0.1","8.0"
"23",2019,"1",5.19328333333333,"-0.8","6.6"
"23",2019,"2",3.2454,"-0.7","99.2"
"23",2019,"3",5.14276,"0.1","8.0"
"23",2019,"4",4.98175,"-0.5","17.5"
"23",2020,"1",6.134075,"0.0","8.0"
"23",2020,"2",4.63754,"-0.7","9.5"
"23",2020,"3",4.44468,"-0.2","9.9"
"23",2020,"4",4.6026,"-0.9","9.4"
"23",2021,"1",5.59892,"-0.2","8.8"
"23",2021,"2",4.58208,"-0.1","99.8"
"23",2021,"3",6.240275,"0.5","40.2"
"23",2021,"4",4.76906,"-0.1","9.2"
"23",2022,"1",6.01704,"-0.5","7.9"
"23",2022,"2",3.07272,"-0.1","9.6"
"23",2022,"3",4.08396666666667,"-0.3","9.2"
"24",2015,"1",7.77885,"3.6","19.3"
"24",2015,"2",10.01605,"0.0","28.1"
"24",2015,"3",8.0875,"0.0","18.1"
"24",2015,"4",6.7971,"0.0","15.8"
"24",2016,"1",8.30915,"4.0","25.0"
"24",2016,"2",5.85,"0.1","8.2"
"24",2016,"3",7.2714,"3.9","11.4"
"24",2016,"4",6.1,"1.6","12.3"
"24",2017,"1",6.1429,"2.1","12.1"
"24",2017,"2",6.025,"2.0","13.7"
"24",2017,"3",7.2,"4.2","11.2"
"24",2017,"4",6.7,"5.3","9.6"
"24",2018,"1",6.8875,"2.5","14.1"
"24",2018,"2",6.7286,"3.0","11.4"
"24",2018,"3",7.375,"3.4","13.5"
"24",2018,"4",3.0429,"1.0","5.1"
"24",2019,"1",6.4375,"2.2","21.4"
"24",2019,"2",5.0875,"1.9","12.1"
"24",2019,"3",7.6875,"4.0","12.5"
"24",2019,"4",8.4571,"3.3","31.7"
"24",2020,"1",4.1571,"2.5","5.7"
"24",2020,"4",4.0125,"0.9","7.0"
"24",2021,"1",5.4833,"2.8","13.5"
"24",2021,"3",11.6,"6.8","28.3"
"24",2021,"4",5.65,"3.5","7.5"
"24",2022,"2",5.25,"2.7","8.1"
"25",2015,"1",8.4366,"3.8","19.9"
"25",2015,"2",6.11283333333333,"0.0","18.8"
"25",2015,"3",7.6397,"0.8","21.2"
"25",2015,"4",4.69786666666667,"0.9","14.7"
"25",2016,"1",5.37596666666667,"1.0","15.9"
"25",2016,"2",5.73203333333333,"1.4","8.5"
"25",2016,"3",5.5594,"1.0","9.4"
"25",2016,"4",6.87393333333333,"0.8","18.5"
"25",2017,"1",6.0071,"0.2","12.5"
"25",2017,"2",4.56133333333333,"0.1","24.3"
"25",2017,"3",6.75963333333333,"0.8","21.7"
"25",2017,"4",6.4805,"0.3","15.0"
"25",2018,"1",3.988,"1.0","8.3"
"25",2018,"2",4.6172,"0.0","13.2"
"25",2019,"1",4.8367,"1.7","11.4"
"25",2019,"2",4.2724,"1.2","13.1"
"25",2019,"3",6.92,"1.7","13.0"
"25",2019,"4",4.58,"0.9","12.7"
"25",2020,"3",7.1069,"4.3","11.0"
"25",2020,"4",6.7577,"0.7","30.4"
"26",2015,"1",12.001675,"2.2","24.7"
"26",2015,"2",9.4805,"1.5","15.5"
"26",2015,"3",10.66058,"1.9","51.0"
"26",2015,"4",7.186,"1.3","26.0"
"26",2016,"1",10.58125,"2.2","21.3"
"26",2016,"2",8.039725,"0.4","17.4"
"26",2016,"3",7.681,"2.0","8.0"
"26",2016,"4",7.62704,"1.1","8.2"
"26",2017,"1",10.27066,"2.3","23.5"
"26",2017,"2",5.8344,"1.8","18.5"
"26",2017,"3",9.209425,"3.5","17.8"
"26",2017,"4",9.3995,"0.0","24.9"
"26",2018,"1",10.21215,"2.7","26.6"
"26",2018,"2",7.870475,"1.4","9.4"
"26",2018,"3",9.435975,"2.9","16.0"
"26",2018,"4",6.86526666666667,"1.2","22.5"
"26",2019,"1",10.2302,"2.3","34.7"
"26",2019,"2",5.76715,"1.6","9.4"
"26",2019,"3",6.967475,"3.2","14.7"
"26",2019,"4",7.89096666666667,"2.4","24.2"
"26",2020,"1",8.52085,"2.1","20.9"
"26",2020,"2",6.48665,"2.8","11.9"
"26",2020,"3",8.72355,"3.1","15.0"
"26",2020,"4",8.6333,"2.4","30.8"
"26",2021,"1",9.87063333333333,"1.2","31.3"
"26",2021,"2",7.44852,"1.5","27.9"
"26",2021,"3",9.434,"0.1","30.3"
"26",2021,"4",8.75105,"0.0","35.2"
"26",2022,"1",10.4806333333333,"1.2","45.6"
"26",2022,"2",8.03086666666667,"1.4","34.1"
"26",2022,"3",7.38464,"0.1","25.7"
"27",2015,"1",5.36785,"1.9","8.4"
"27",2015,"2",4.9929,"0.6","7.9"
"27",2015,"3",8.0625,"2.5","16.8"
"27",2015,"4",6.49285,"2.6","9.7"
"27",2016,"1",9.80805,"3.0","22.6"
"27",2016,"2",3.8,"2.4","7.9"
"27",2016,"3",5.9,"4.0","9.5"
"27",2016,"4",5.3857,"2.4","10.9"
"27",2017,"1",6.3143,"2.5","17.8"
"27",2017,"2",5.5375,"1.4","7.3"
"27",2017,"3",6.9768,"4.0","13.7"
"27",2017,"4",4.00715,"1.6","8.7"
"27",2018,"1",6.7095,"1.5","13.8"
"27",2018,"2",8.8143,"5.3","12.4"
"27",2018,"3",6.35355,"0.3","7.7"
"27",2018,"4",4.20625,"0.9","8.3"
"27",2019,"1",9.2286,"4.1","23.8"
"27",2019,"2",4.14375,"1.0","8.0"
"27",2019,"3",7.33395,"3.4","15.2"
"27",2019,"4",6.32145,"2.4","15.1"
"27",2020,"1",8.1286,"5.4","11.4"
"27",2020,"3",6.55,"3.0","13.6"
"27",2020,"4",11.0777,"5.3","24.2"
"27",2021,"1",10.29285,"3.7","19.4"
"27",2021,"2",7.15625,"1.9","18.9"
"27",2021,"3",12.5,"4.2","34.1"
"27",2022,"1",5.27855,"2.6","11.8"
"27",2022,"2",6.89165,"0.0","10.7"
"28",2015,"1",9.17145,"3.1","13.9"
"28",2015,"2",10.24,"5.2","23.7"
"28",2015,"3",10.8917,"5.8","15.6"
"28",2015,"4",7.6205,"2.3","16.8"
"28",2016,"1",7.6754,"3.0","14.3"
"28",2016,"2",8.70535,"4.0","15.3"
"28",2016,"3",9.3533,"5.5","13.2"
"28",2016,"4",9.81905,"4.1","19.2"
"28",2017,"1",7.13075,"3.1","11.2"
"28",2017,"2",7.9,"4.0","13.6"
"28",2017,"3",9.29895,"4.4","15.8"
"28",2017,"4",8.39615,"3.1","16.3"
"28",2018,"1",7.8338,"3.7","22.8"
"28",2018,"2",8.94645,"4.2","17.9"
"28",2018,"3",9.86335,"4.0","25.2"
"28",2018,"4",7.25,"3.0","19.2"
"28",2019,"1",8.2643,"2.6","13.3"
"28",2019,"2",8.8267,"3.5","15.8"
"28",2019,"3",9.6563,"4.3","13.8"
"28",2019,"4",8.775,"1.6","16.0"
"28",2020,"1",6.7786,"3.7","16.2"
"28",2020,"2",10.06,"3.8","33.8"
"28",2020,"3",7.7667,"3.1","14.1"
"28",2020,"4",9.3385,"4.0","12.3"
"28",2021,"1",7.2667,"3.2","13.0"
"28",2021,"2",8.32,"4.4","13.1"
"28",2021,"3",9.1,"4.6","14.8"
"28",2021,"4",8.0733,"4.3","13.3"
"28",2022,"1",8.1,"2.0","14.7"
"28",2022,"2",9.9933,"5.3","14.9"
"28",2022,"3",8.4769,"4.7","18.0"
"30",2015,"1",6.99143333333333,"0.3","8.9"
"30",2015,"2",4.1152,"1.5","9.6"
"30",2015,"3",11.1444333333333,"1.2","82.4"
"30",2015,"4",7.87466666666667,"0.6","36.9"
"30",2016,"1",9.67665,"1.0","32.4"
"30",2016,"2",4.09126666666667,"0.6","8.7"
"30",2016,"3",4.63145,"1.2","9.3"
"30",2016,"4",6.33713333333333,"0.6","6.4"
"30",2017,"1",10.1609666666667,"0.8","8.3"
"30",2017,"2",2.83273333333333,"0.9","5.8"
"30",2017,"3",15.3048333333333,"0.7","87.0"
"30",2017,"4",8.96396666666667,"0.5","30.9"
"30",2018,"1",7.20633333333333,"0.5","46.6"
"30",2018,"2",3.5102,"0.6","7.5"
"30",2018,"3",8.38826666666667,"0.7","9.1"
"30",2018,"4",5.48363333333333,"1.0","6.7"
"30",2019,"1",12.71905,"2.0","31.0"
"30",2019,"2",2.67713333333333,"0.4","7.7"
"30",2019,"3",4.84198,"0.5","9.5"
"30",2019,"4",6.64666666666667,"0.9","5.3"
"30",2020,"1",4.7421,"0.4","5.2"
"30",2020,"2",2.9761,"0.7","5.5"
"30",2020,"3",8.22602222222222,"1.9","9.0"
"30",2020,"4",6.34663333333333,"0.8","3.5"
"30",2021,"1",6.72633333333333,"0.4","6.6"
"30",2021,"2",3.75876666666667,"1.0","7.7"
"30",2021,"3",13.0535333333333,"1.6","50.2"
"30",2021,"4",5.17206666666667,"0.5","5.9"
"30",2022,"1",5.5682,"0.4","4.9"
"30",2022,"2",3.08343333333333,"0.5","6.9"
"31",2015,"1",7.20443333333333,"2.7","20.3"
"31",2015,"2",7.14366666666667,"0.0","24.0"
"31",2015,"3",8.69263333333333,"3.2","17.8"
"31",2015,"4",5.26483333333333,"0.4","9.5"
"31",2016,"1",7.29583333333333,"1.5","17.9"
"31",2016,"2",6.95363333333333,"1.6","18.6"
"31",2016,"3",7.48063333333333,"3.3","15.4"
"31",2016,"4",6.0843,"1.0","9.4"
"31",2017,"1",7.30853333333333,"1.6","19.6"
"31",2017,"2",6.97853333333333,"0.9","29.9"
"31",2017,"3",8.2055,"1.8","16.3"
"31",2017,"4",6.29756666666667,"1.0","21.0"
"31",2018,"1",8.80793333333333,"1.3","23.7"
"31",2018,"2",7.57866666666667,"2.0","28.8"
"31",2018,"3",7.93976666666667,"1.5","22.8"
"31",2018,"4",5.52296666666667,"1.6","9.9"
"31",2019,"1",8.2649,"2.4","19.7"
"31",2019,"2",5.5868,"0.8","16.2"
"31",2019,"3",7.05383333333333,"3.8","16.5"
"31",2019,"4",5.4033,"1.3","9.5"
"31",2020,"1",5.78433333333333,"1.1","9.7"
"31",2020,"2",6.18626,"2.5","9.6"
"31",2020,"3",7.3177,"1.5","34.7"
"31",2020,"4",7.0164,"1.6","18.7"
"31",2021,"1",8.14366666666667,"2.9","22.4"
"31",2021,"2",6.5137,"1.3","19.1"
"31",2021,"3",9.996725,"0.0","43.4"
"31",2021,"4",5.282125,"0.2","9.8"
"31",2022,"1",5.7943,"1.9","15.8"
"31",2022,"2",5.9631,"-0.6","16.3"
"31",2022,"3",5.8518,"-1.4","18.5"
"32",2015,"1",4.6667,"1.1","13.8"
"32",2015,"2",4.64,"2.6","17.3"
"32",2015,"3",5.3733,"3.0","16.1"
"32",2015,"4",6.1333,"1.4","14.3"
"32",2016,"1",3.95,"0.3","11.5"
"32",2016,"2",3.6533,"1.3","6.5"
"32",2016,"3",6,"1.8","14.7"
"32",2016,"4",4.54,"1.3","10.8"
"32",2017,"1",4.4333,"0.7","20.6"
"32",2017,"2",3.0813,"0.5","5.4"
"32",2017,"3",7.56,"2.8","13.5"
"32",2018,"1",4.1933,"0.3","10.4"
"32",2018,"2",4.0786,"1.8","8.0"
"32",2018,"3",10.0316666666667,"2.8","56.3"
"32",2018,"4",4.7,"0.7","9.7"
"32",2019,"1",4.3214,"0.8","11.8"
"32",2019,"2",3.1133,"0.5","7.1"
"32",2019,"3",3.6875,"1.4","6.0"
"32",2019,"4",4.7769,"2.0","8.3"
"32",2020,"1",2.9286,"1.0","5.2"
"32",2020,"2",3.2267,"1.0","6.3"
"32",2020,"3",17.9863666666667,"3.2","75.4"
"32",2020,"4",6.9583,"0.7","29.8"
"32",2021,"1",2.9643,"0.4","8.0"
"32",2021,"2",3.5667,"1.3","5.4"
"32",2021,"3",30.14,"2.0","28.5"
"32",2021,"4",3.5357,"0.5","8.5"
"32",2022,"1",5.1143,"1.4","11.3"
"32",2022,"2",2.8733,"1.2","5.8"
"34",2015,"1",12.0067,"4.5","22.2"
"34",2015,"2",11.0714,"1.7","28.0"
"34",2015,"3",11.04,"5.1","31.1"
"34",2015,"4",9.1429,"2.5","17.6"
"34",2016,"1",10.7375,"4.0","27.3"
"34",2016,"2",9.22,"5.2","17.2"
"34",2016,"3",8.9333,"4.1","14.5"
"34",2016,"4",9.66,"2.8","15.2"
"34",2017,"1",9.5,"3.7","16.6"
"34",2017,"2",8.48,"2.1","19.5"
"34",2017,"3",10.1571,"4.4","21.1"
"34",2017,"4",9.4067,"3.2","20.7"
"34",2018,"1",9.8286,"3.1","18.2"
"34",2018,"2",10.1615,"3.1","16.7"
"34",2018,"3",11.3267,"4.2","19.8"
"34",2018,"4",5.8063,"1.6","12.9"
"34",2019,"1",8.8667,"2.5","25.9"
"34",2019,"2",7.65,"3.7","13.2"
"34",2019,"3",9.5667,"4.0","20.9"
"34",2019,"4",9.5857,"2.0","28.4"
"34",2020,"1",7.3933,"1.7","13.4"
"34",2020,"3",9.5357,"4.7","16.0"
"34",2020,"4",7.9077,"4.1","12.2"
"34",2021,"1",9.96,"3.2","21.9"
"34",2021,"2",12.4077,"4.7","21.6"
"34",2021,"3",14.4867,"3.7","29.1"
"34",2021,"4",11.8875,"4.6","24.0"
"34",2022,"1",11.6429,"6.1","19.2"
"34",2022,"2",7.9429,"4.8","12.9"
"34",2022,"3",9.76,"5.1","14.5"
"35",2015,"1",4.27625,"0.0","6.0"
"35",2015,"2",3.72,"0.0","9.5"
"35",2015,"3",4.2374,"1.5","8.9"
"35",2015,"4",3.72585,"1.1","4.8"
"35",2016,"1",5.5875,"1.5","28.8"
"35",2016,"2",7.2167,"1.1","30.9"
"35",2016,"3",5.25,"1.9","9.1"
"35",2016,"4",6.7807,"2.1","25.9"
"35",2017,"1",7.829475,"1.2","61.6"
"35",2017,"2",8.07174285714286,"0.6","7.3"
"35",2017,"3",7.9858375,"0.6","9.4"
"35",2017,"4",7.15026666666667,"0.3","18.2"
"35",2018,"1",7.07821666666667,"0.0","21.4"
"35",2018,"2",8.61713333333333,"0.2","33.2"
"35",2018,"3",6.51761666666667,"1.3","9.6"
"35",2018,"4",5.88943333333333,"0.2","28.9"
"35",2019,"1",5.21394,"0.0","23.3"
"35",2019,"2",6.51308333333333,"0.2","35.9"
"35",2019,"3",6.70043333333333,"0.4","44.6"
"35",2019,"4",6.20705,"1.4","21.9"
"35",2020,"1",4.25783333333333,"0.4","8.8"
"35",2020,"2",6.96921666666667,"1.3","21.4"
"35",2020,"3",8.25415,"0.2","28.0"
"35",2020,"4",8.69966666666667,"0.3","43.1"
"35",2021,"1",6.9283,"0.6","35.1"
"35",2021,"2",9.2586,"0.0","41.2"
"35",2021,"3",7.06793333333333,"1.2","39.6"
"35",2021,"4",6.50626666666667,"0.3","24.2"
"35",2022,"1",6.69075,"0.0","39.0"
"35",2022,"2",9.199575,"1.5","45.7"
"35",2022,"3",5.814025,"-0.6","20.5"
"36",2015,"1",10.6024,"3.1","24.7"
"36",2015,"2",7.30535,"1.9","26.0"
"36",2015,"3",8.96125,"1.3","26.6"
"36",2015,"4",6.8148,"1.6","22.4"
"36",2016,"1",6.8855,"0.9","22.6"
"36",2016,"2",6.40835,"1.3","19.8"
"36",2016,"3",6.8435,"2.0","12.2"
"36",2016,"4",7.13665,"0.1","16.0"
"36",2017,"1",6.91765,"2.3","17.4"
"36",2017,"2",5.8366,"0.8","14.8"
"36",2017,"3",7.79206666666667,"2.2","15.5"
"36",2017,"4",7.31,"2.0","16.1"
"36",2018,"1",7.7633,"2.8","17.2"
"36",2018,"2",6.7024,"2.2","16.7"
"36",2018,"3",8.37653333333333,"3.1","18.5"
"36",2018,"4",4.51826666666667,"0.7","8.7"
"36",2019,"1",6.63126666666667,"1.2","19.2"
"36",2019,"2",5.4419,"1.5","7.5"
"36",2019,"3",6.70153333333333,"0.0","9.9"
"36",2019,"4",5.91603333333333,"0.9","19.9"
"36",2020,"1",4.9923,"1.6","10.8"
"36",2020,"2",5.5923,"1.9","8.3"
"36",2020,"3",6.41605,"1.8","11.9"
"36",2020,"4",5.4005,"0.0","21.7"
"36",2021,"1",6.475,"1.6","13.0"
"36",2021,"2",6.99683333333333,"1.3","13.1"
"36",2021,"3",9.8733,"3.0","24.8"
"36",2021,"4",6.33933333333333,"1.9","18.1"
"36",2022,"1",6.8839,"2.2","14.6"
"36",2022,"2",5.385,"1.9","9.6"
"37",2015,"1",8.5405,"3.3","9.2"
"37",2015,"2",8.5642,"3.6","15.8"
"37",2015,"3",9.513625,"0.5","19.8"
"37",2015,"4",6.4735,"0.9","17.1"
"37",2016,"1",7.689875,"0.2","16.4"
"37",2016,"2",8.58563333333333,"4.0","16.4"
"37",2016,"3",7.843925,"3.6","18.0"
"37",2016,"4",8.2798,"2.9","15.2"
"37",2017,"1",6.64683333333333,"1.8","9.8"
"37",2017,"2",6.0631,"1.2","10.7"
"37",2017,"3",8.29933333333333,"3.4","13.8"
"37",2017,"4",7.9309,"1.6","12.7"
"37",2018,"1",7.6068,"1.8","19.0"
"37",2018,"2",7.43903333333333,"1.8","15.8"
"37",2018,"3",7.18436666666667,"1.6","12.6"
"37",2018,"4",5.18,"0.2","8.8"
"37",2019,"1",4.2,"2.3","8.0"
"37",2019,"2",6.9214,"2.1","12.4"
"37",2019,"3",8.715,"4.3","13.5"
"37",2019,"4",6.7267,"2.2","12.7"
"37",2020,"1",5.7923,"2.3","12.0"
"37",2020,"3",6.8846,"3.7","15.8"
"37",2021,"1",5.6667,"3.1","17.4"
"37",2021,"2",7.6769,"3.7","14.6"
"37",2021,"3",8.7733,"1.4","18.5"
"39",2015,"2",11.9154,"6.8","24.1"
"39",2015,"3",13.7333,"5.7","23.8"
"39",2015,"4",8.9214,"2.4","23.1"
"39",2016,"1",8.8267,"2.7","21.6"
"39",2016,"2",8.8333,"3.5","15.8"
"39",2016,"3",7.2769,"3.9","11.9"
"39",2016,"4",10.8,"1.9","20.6"
"39",2017,"1",9.2857,"2.2","17.7"
"39",2017,"2",6.7429,"1.6","12.5"
"39",2017,"3",9.2533,"3.3","15.3"
"39",2017,"4",11.0929,"2.6","22.9"
"39",2018,"1",7.9077,"3.4","14.7"
"39",2018,"2",10.1071,"4.0","20.0"
"39",2018,"3",9.9267,"4.2","20.5"
"39",2018,"4",7.45,"1.7","19.4"
"39",2019,"1",8.7846,"3.0","34.0"
"39",2019,"2",6.5833,"1.9","11.4"
"39",2019,"3",8.76,"5.0","13.2"
"39",2019,"4",10.2867,"4.6","24.6"
"39",2020,"1",9.2333,"3.5","20.0"
"39",2020,"3",8.6813,"3.8","14.7"
"39",2020,"4",7.7214,"2.5","14.3"
"39",2021,"1",10.1214,"0.9","29.8"
"39",2021,"4",7.5063,"2.3","14.5"
"39",2022,"1",8.2667,"3.0","14.5"
"39",2022,"2",8.34,"3.1","21.1"
"39",2022,"3",8.7,"3.2","18.0"
"40",2015,"1",9.4667,"2.3","17.2"
"40",2015,"2",8.0857,"1.4","25.3"
"40",2015,"3",11.3143,"6.6","18.2"
"40",2015,"4",5.8143,"2.1","9.7"
"40",2016,"1",7.8333,"2.5","18.9"
"40",2016,"2",6.5308,"2.6","15.6"
"40",2016,"4",8.3667,"2.3","12.5"
"40",2017,"1",8.3067,"1.4","16.2"
"40",2017,"2",7.64,"2.3","23.4"
"40",2017,"3",8.9071,"3.8","14.8"
"40",2017,"4",6.5,"2.7","15.4"
"40",2018,"1",7.9923,"3.5","18.1"
"40",2018,"2",7.6667,"1.8","11.7"
"40",2018,"3",9.675,"3.0","20.5"
"40",2018,"4",6.3,"1.0","14.8"
"40",2019,"1",6.8733,"2.7","12.1"
"40",2019,"2",7,"1.2","16.8"
"40",2019,"3",8.2467,"3.9","13.1"
"40",2019,"4",4.7643,"0.1","9.4"
"40",2020,"1",5.5333,"2.7","12.8"
"40",2020,"2",7.2667,"2.6","16.9"
"40",2020,"3",8.5688,"4.6","15.2"
"40",2020,"4",5.9429,"3.0","9.9"
"40",2021,"2",6.12,"2.0","10.6"
"40",2021,"3",11.98,"5.9","36.2"
"40",2021,"4",6.0615,"1.9","11.5"
"40",2022,"1",5.8933,"1.9","9.0"
"40",2022,"2",8.92,"1.0","21.7"
"40",2022,"3",7.2063,"2.9","11.1"
"41",2015,"1",9.5361,"0.3","25.0"
"41",2015,"2",4.8901,"0.7","7.3"
"41",2015,"3",11.10625,"2.4","55.1"
"41",2015,"4",11.29285,"1.5","34.6"
"41",2016,"1",6.25625,"1.0","8.0"
"41",2016,"2",5.525,"2.5","9.0"
"41",2016,"3",4.56425,"2.1","7.0"
"41",2016,"4",7.4,"1.5","21.3"
"41",2017,"1",12.07145,"2.4","24.0"
"41",2017,"2",3.93125,"0.9","8.0"
"41",2017,"3",31.25875,"2.7","152.5"
"41",2017,"4",10.0857,"3.4","39.7"
"41",2018,"1",9.9,"1.2","25.4"
"41",2018,"2",4.39215,"1.5","8.7"
"41",2018,"3",5.18125,"1.2","12.7"
"41",2018,"4",9.21875,"1.7","28.8"
"41",2019,"1",7.39493333333333,"0.0","30.0"
"41",2019,"2",3.98405,"1.0","9.5"
"41",2019,"3",4.5033,"1.7","6.4"
"41",2019,"4",14.2845333333333,"4.3","26.8"
"41",2020,"1",8.65054,"1.5","31.8"
"41",2020,"2",4.32625,"0.6","7.0"
"41",2020,"3",29.5064555555556,"2.1","541.5"
"41",2020,"4",12.30128,"1.8","33.6"
"41",2021,"1",8.47804,"0.9","19.7"
"41",2021,"2",4.99544,"1.6","7.7"
"41",2021,"3",16.078575,"1.8","22.0"
"41",2021,"4",6.60135,"1.2","7.4"
"41",2022,"1",9.3628,"1.7","36.3"
"41",2022,"2",3.69273333333333,"0.8","7.5"
"42",2015,"1",12.7915,"4.0","47.3"
"42",2015,"2",11.45422,"2.3","30.8"
"42",2015,"3",11.8245,"2.5","32.0"
"42",2015,"4",9.05338333333333,"1.3","42.5"
"42",2016,"1",11.88716,"2.1","56.8"
"42",2016,"2",8.7281,"2.5","23.6"
"42",2016,"3",8.701325,"1.1","16.9"
"42",2016,"4",10.70955,"1.6","41.0"
"42",2017,"1",10.51252,"2.7","28.8"
"42",2017,"2",8.6556,"1.7","29.1"
"42",2017,"3",10.4228833333333,"0.8","24.0"
"42",2017,"4",12.92882,"2.2","80.2"
"42",2018,"1",9.68066666666667,"2.5","32.1"
"42",2018,"2",10.15688,"2.3","27.2"
"42",2018,"3",9.56478333333333,"0.7","26.5"
"42",2018,"4",7.14452,"1.3","26.5"
"42",2019,"1",10.44244,"2.6","64.9"
"42",2019,"2",8.92303333333333,"2.6","25.0"
"42",2019,"3",9.9858,"0.6","20.3"
"42",2019,"4",10.24606,"2.1","52.4"
"42",2020,"1",8.32266666666667,"2.0","28.5"
"42",2020,"2",7.111775,"2.2","19.4"
"42",2020,"3",8.48048,"2.2","22.2"
"42",2020,"4",8.71686666666667,"1.6","41.0"
"42",2021,"1",9.11138571428571,"0.6","27.4"
"42",2021,"2",8.52628333333333,"0.6","26.2"
"42",2021,"3",11.0361428571429,"0.6","50.6"
"42",2021,"4",9.3855,"1.9","24.8"
"42",2022,"1",9.988425,"2.6","27.1"
"42",2022,"2",8.30485,"2.2","19.4"
"42",2022,"3",8.5844,"3.3","23.4"
"44",2015,"1",5.8467,"1.2","10.4"
"44",2015,"2",6.64,"2.0","21.0"
"44",2015,"3",7.3357,"2.7","18.4"
"44",2016,"1",4.75,"2.1","12.7"
"44",2016,"2",6.3067,"1.7","23.3"
"44",2016,"3",6.2,"2.5","13.4"
"44",2016,"4",3.9538,"0.7","7.7"
"44",2017,"1",3.9867,"2.1","5.5"
"44",2017,"2",4.7875,"1.2","14.2"
"44",2017,"3",5.5,"2.1","11.6"
"44",2017,"4",4.4643,"2.4","6.5"
"46",2015,"1",6.40763333333333,"2.6","27.0"
"46",2015,"2",4.87556666666667,"1.2","9.7"
"46",2015,"3",6.9607,"2.5","17.3"
"46",2015,"4",5.7,"2.5","11.4"
"46",2016,"1",5.65706666666667,"1.6","8.2"
"46",2016,"2",5.11333333333333,"0.2","9.9"
"46",2016,"3",4.97973333333333,"0.9","8.9"
"46",2016,"4",4.50973333333333,"1.3","9.6"
"46",2017,"1",7.42193333333333,"1.7","19.2"
"46",2017,"2",5.07333333333333,"1.4","8.0"
"46",2017,"3",8.25553333333333,"0.8","33.8"
"46",2017,"4",5.3125,"1.7","18.0"
"46",2018,"1",7.14203333333333,"3.0","26.9"
"46",2018,"2",6.1689,"2.4","8.6"
"46",2018,"3",8.71793333333333,"1.7","48.0"
"46",2018,"4",5.32946666666667,"0.5","9.3"
"46",2019,"1",8.41986666666667,"2.1","24.9"
"46",2019,"2",5.15573333333333,"0.9","8.9"
"46",2019,"3",4.72713333333333,"1.8","9.0"
"46",2019,"4",5.245,"0.8","18.3"
"46",2020,"1",5.75,"2.2","10.5"
"46",2020,"2",6.8688,"2.1","24.3"
"46",2020,"3",6.62,"2.0","15.3"
"46",2020,"4",7.84,"3.1","16.6"
"46",2021,"2",5.7667,"1.6","10.9"
"46",2021,"3",9.1846,"0.2","25.7"
"46",2022,"1",4.3917,"1.6","8.0"
"46",2022,"2",6.9533,"2.6","12.8"
"47",2015,"1",8.91876,"2.2","17.7"
"47",2015,"2",9.15055,"2.4","26.9"
"47",2015,"3",9.69318333333333,"1.7","18.8"
"47",2015,"4",6.86745,"0.0","17.5"
"47",2016,"1",7.07306666666667,"1.2","15.7"
"47",2016,"2",8.03422,"2.9","16.2"
"47",2016,"3",8.26112,"3.1","14.1"
"47",2016,"4",12.1628666666667,"2.2","89.4"
"47",2017,"1",7.58841666666667,"2.5","24.5"
"47",2017,"2",6.4009,"1.9","9.8"
"47",2017,"3",8.61702,"1.6","18.2"
"47",2017,"4",8.18303333333333,"2.1","27.0"
"47",2018,"1",7.571075,"2.5","17.5"
"47",2018,"2",8.358725,"1.9","20.5"
"47",2018,"3",8.915025,"1.8","29.7"
"47",2018,"4",7.025475,"1.9","20.4"
"47",2019,"1",6.105975,"1.4","16.0"
"47",2019,"2",7.427975,"2.8","15.0"
"47",2019,"3",9.35315,"3.2","18.5"
"47",2019,"4",7.072375,"1.7","18.7"
"47",2020,"1",6.31735,"2.2","18.3"
"47",2020,"2",6.88525,"2.9","8.9"
"47",2020,"3",7.41045,"3.1","14.7"
"47",2020,"4",7.99065,"2.7","23.9"
"47",2021,"1",8.0223,"2.2","23.6"
"47",2021,"2",6.8106,"2.5","8.4"
"47",2021,"3",11.55035,"2.9","33.9"
"47",2021,"4",7.976175,"2.4","16.3"
"47",2022,"1",7.3561,"2.9","8.4"
"47",2022,"2",9.51265,"2.9","27.0"
"47",2022,"3",9.28,"5.3","19.9"
"48",2015,"1",9.91,"3.9","19.2"
"48",2015,"2",8.7659,"2.7","19.9"
"48",2015,"3",14.4,"5.7","20.2"
"48",2015,"4",11.0154,"5.8","21.5"
"48",2016,"1",8.7567,"2.7","29.2"
"48",2016,"2",10.1769,"5.0","16.8"
"48",2016,"3",10.6154,"4.8","26.0"
"48",2016,"4",9.8898,"2.7","18.7"
"48",2017,"1",8.51385,"3.8","16.6"
"48",2017,"2",9.22153333333333,"3.5","24.8"
"48",2017,"3",9.54385,"2.0","33.2"
"48",2017,"4",9.262925,"2.0","29.5"
"48",2018,"1",9.0466,"2.9","21.1"
"48",2018,"2",10.8799166666667,"3.6","41.3"
"48",2018,"3",10.7167428571429,"1.5","48.7"
"48",2018,"4",6.57146666666667,"-0.1","35.5"
"48",2019,"1",7.65209,"0.2","9.1"
"48",2019,"2",10.0623727272727,"1.0","37.6"
"48",2019,"3",9.2067,"2.0","22.6"
"48",2019,"4",8.0669,"0.5","38.9"
"48",2020,"1",7.37313636363636,"0.9","8.8"
"48",2020,"2",10.31907,"1.7","82.4"
"48",2020,"3",10.22792,"1.1","34.2"
"48",2020,"4",7.39568,"0.4","23.1"
"48",2021,"1",8.3284,"0.7","34.9"
"48",2021,"2",8.87414545454545,"1.1","33.3"
"48",2021,"3",10.232925,"0.8","31.6"
"48",2021,"4",7.67239166666667,"0.8","38.2"
"48",2022,"1",8.18895,"1.0","30.5"
"48",2022,"2",11.2344555555556,"2.2","39.0"
"48",2022,"3",8.4264,"2.8","31.0"
"49",2015,"1",9.73016666666667,"0.0","34.2"
"49",2015,"3",9.868375,"2.8","9.6"
"49",2015,"4",6.3167,"3.9","11.4"
"49",2016,"2",4.32896666666667,"1.8","7.5"
"49",2016,"3",8.93235,"2.9","21.4"
"49",2016,"4",10.28075,"2.9","26.6"
"49",2017,"1",11.2373,"1.1","61.0"
"49",2017,"2",4.89083333333333,"0.9","6.6"
"49",2017,"3",9.8665,"1.0","47.2"
"49",2017,"4",8.429,"1.4","51.5"
"49",2018,"1",6.52943333333333,"0.9","44.5"
"49",2018,"2",4.911225,"1.3","6.7"
"49",2018,"3",12.2124,"3.4","45.0"
"49",2018,"4",8.7204,"1.5","35.1"
"49",2019,"1",7.84395,"0.9","44.0"
"49",2019,"2",3.37173333333333,"0.1","8.5"
"49",2019,"3",5.49735,"-0.2","6.8"
"49",2019,"4",7.39335,"-0.5","42.3"
"49",2020,"1",5.22864,"0.1","38.7"
"49",2020,"2",4.73174,"0.9","8.7"
"49",2020,"3",11.2327555555556,"1.5","62.1"
"49",2020,"4",10.04704,"0.5","37.4"
"49",2021,"1",6.0568,"0.6","29.1"
"49",2021,"2",5.857,"0.7","15.2"
"49",2021,"3",13.73572,"1.2","52.8"
"49",2021,"4",6.30716,"0.0","48.8"
"49",2022,"1",8.85158,"0.7","43.4"
"49",2022,"2",5.7816,"0.7","31.9"
"49",2022,"3",7.4029,"1.7","53.6"
"50",2015,"2",5.4833,"0.9","11.8"
"50",2016,"1",6.1074,"1.9","12.7"
"50",2016,"2",5.4133,"1.3","14.3"
"50",2016,"3",5.5421,"2.1","9.2"
"50",2016,"4",4.7615,"1.3","9.6"
"51",2015,"1",9.0264,"3.1","23.2"
"51",2015,"2",8.15973333333333,"2.5","26.1"
"51",2015,"3",8.87306666666667,"2.0","27.0"
"51",2015,"4",6.84626666666667,"0.5","18.6"
"51",2016,"1",7.67203333333333,"1.5","45.7"
"51",2016,"2",6.191,"1.2","9.1"
"51",2016,"3",7.62063333333333,"1.2","15.2"
"51",2016,"4",7.25976666666667,"1.3","13.5"
"51",2017,"1",6.73826666666667,"2.1","16.7"
"51",2017,"2",6.6137,"1.2","14.4"
"51",2017,"3",8.65213333333333,"3.5","16.1"
"51",2017,"4",8.4946,"2.1","23.3"
"51",2018,"1",6.85075,"2.8","9.0"
"51",2018,"2",7.52143333333333,"3.2","13.0"
"51",2018,"3",7.47056666666667,"3.5","14.8"
"51",2018,"4",4.83145,"2.0","15.4"
"51",2019,"1",6.7632,"2.4","31.9"
"51",2019,"2",6.13856666666667,"2.2","13.4"
"51",2019,"3",8.03593333333333,"3.6","13.0"
"51",2019,"4",7.50666666666667,"3.0","31.2"
"51",2020,"1",5.32453333333333,"1.5","8.5"
"51",2020,"2",5.4562,"2.1","9.4"
"51",2020,"3",7.53286666666667,"3.4","11.9"
"51",2020,"4",6.4889,"1.0","25.7"
"51",2021,"1",7.59986666666667,"2.2","19.9"
"51",2021,"2",7.0222,"3.2","11.5"
"51",2021,"3",9.9164,"3.5","34.0"
"51",2021,"4",6.90333333333333,"2.0","11.8"
"51",2022,"1",6.7333,"3.1","9.3"
"51",2022,"2",6.4329,"2.9","12.6"
"51",2022,"3",7.10715,"3.6","13.3"
"53",2015,"1",10.775,"2.6","20.0"
"53",2015,"2",5.7,"2.5","8.5"
"53",2015,"3",11.45,"2.5","45.2"
"53",2015,"4",9.0286,"2.5","30.4"
"53",2016,"1",13.5143,"1.9","59.1"
"53",2016,"2",6.9667,"4.5","9.6"
"53",2016,"3",5.7286,"4.7","6.8"
"53",2016,"4",5.5375,"1.8","14.9"
"53",2017,"1",8.0429,"3.0","22.2"
"53",2017,"2",4.3625,"1.5","10.3"
"53",2017,"3",10.8167,"2.2","30.7"
"53",2017,"4",12.8167,"2.5","39.7"
"53",2018,"1",8.675,"0.1","30.1"
"53",2018,"2",6.1714,"0.8","11.2"
"53",2018,"4",9.85,"3.4","21.3"
"53",2019,"1",9.1571,"4.6","18.0"
"53",2019,"2",4.8333,"2.7","6.7"
"53",2019,"3",5.6667,"3.0","6.5"
"53",2019,"4",15.7286,"6.2","25.2"
"53",2020,"1",8.1,"3.2","16.2"
"53",2020,"4",7.35,"2.1","12.4"
"53",2021,"1",7.4571,"3.1","12.1"
"53",2021,"2",7.5333,"3.4","16.7"
"53",2021,"3",6.8333,"4.0","9.9"
"53",2021,"4",6.3,"2.2","9.5"
"53",2022,"1",7.4286,"3.8","14.5"
"54",2015,"1",7.25835,"1.7","12.3"
"54",2015,"2",14.2286,"7.4","27.2"
"54",2015,"3",12.8917,"3.4","20.7"
"54",2015,"4",9.79285,"3.1","20.9"
"54",2016,"1",9.24375,"4.2","19.4"
"54",2016,"2",8.62055,"4.7","14.2"
"54",2016,"3",8.49285,"3.4","12.4"
"54",2016,"4",9.96553333333333,"1.7","29.3"
"54",2017,"1",8.1313,"1.6","17.6"
"54",2017,"2",6.76826666666667,"0.9","17.2"
"54",2017,"3",8.89683333333333,"-2.1","16.8"
"54",2017,"4",9.22093333333333,"-1.9","18.5"
"54",2018,"1",8.52603333333333,"2.4","19.8"
"54",2018,"2",10.52145,"4.8","16.2"
"54",2018,"3",9.9598,"3.5","19.2"
"54",2018,"4",5.76645,"2.2","7.5"
"54",2019,"1",9.94595,"3.7","39.4"
"54",2019,"2",6.7571,"2.2","10.8"
"54",2019,"3",9.6,"4.4","14.8"
"54",2019,"4",9.1857,"3.5","29.7"
"54",2020,"1",6.7731,"2.3","12.4"
"54",2020,"2",6.69175,"1.6","27.6"
"54",2020,"3",7.66635,"2.1","15.4"
"54",2020,"4",7.1685,"1.3","16.7"
"54",2021,"1",10.6393666666667,"3.0","34.5"
"54",2021,"2",9.0236,"3.1","20.9"
"54",2021,"3",10.99715,"0.4","43.7"
"54",2021,"4",9.17663333333333,"2.1","31.6"
"54",2022,"1",10.2264,"3.2","34.9"
"54",2022,"2",8.48183333333333,"2.1","22.6"
"54",2022,"3",7.525,"2.5","15.6"
"55",2015,"1",10.07474,"3.4","26.7"
"55",2015,"2",6.1555,"0.6","9.2"
"55",2015,"3",10.07878,"1.9","27.7"
"55",2015,"4",6.73805,"0.6","9.2"
"55",2016,"1",9.93896666666667,"1.0","26.9"
"55",2016,"2",6.73511666666667,"1.4","8.5"
"55",2016,"3",6.08234,"0.6","9.6"
"55",2016,"4",5.52906,"0.7","8.7"
"55",2017,"1",8.39776,"1.4","30.8"
"55",2017,"2",5.53326,"1.5","8.4"
"55",2017,"3",8.71972,"1.5","17.8"
"55",2017,"4",7.2681,"1.2","24.0"
"55",2018,"1",8.88996,"3.2","24.0"
"55",2018,"2",8.19326666666667,"1.7","17.9"
"55",2018,"3",9.0895,"3.2","23.0"
"55",2018,"4",9.0238,"1.2","26.4"
"55",2019,"1",11.10785,"2.8","28.7"
"55",2019,"2",6.28,"2.6","9.7"
"55",2019,"3",7.28755,"3.9","14.0"
"55",2019,"4",8.12665,"1.5","20.9"
"55",2020,"1",9.35085,"3.1","16.6"
"55",2020,"2",6.3533,"3.4","12.4"
"55",2020,"3",7.2438,"3.7","13.7"
"55",2020,"4",7.32665,"4.2","14.5"
"55",2021,"1",10.7213,"3.2","27.9"
"55",2021,"2",7.57635,"2.0","29.5"
"55",2021,"3",8.68035,"1.3","18.1"
"55",2021,"4",7.68885,"1.5","22.5"
"55",2022,"1",6.9731,"2.0","17.7"
"55",2022,"2",6.53225,"1.5","22.2"
"56",2015,"1",6.28055,"0.2","18.3"
"56",2015,"2",4.12665,"1.0","9.3"
"56",2015,"3",8.623825,"1.7","37.2"
"56",2015,"4",2.5143,"0.9","6.8"
"56",2016,"1",4.60415,"0.0","3.7"
"56",2016,"2",3.4533,"0.8","6.3"
"56",2016,"3",4.02,"1.7","6.7"
"56",2016,"4",5.91585,"1.1","18.5"
"56",2017,"1",5.91775,"0.7","5.9"
"56",2017,"2",3.41875,"0.4","8.6"
"56",2017,"3",10.06,"2.8","68.5"
"56",2017,"4",4.6689,"0.7","9.2"
"56",2018,"1",5.16,"0.7","3.8"
"56",2018,"2",3.5714,"2.0","5.1"
"56",2018,"3",7.95,"2.5","27.5"
"56",2018,"4",4.46665,"1.0","5.4"
"56",2019,"1",5.68125,"0.4","9.1"
"56",2019,"2",2.9518,"0.2","5.8"
"56",2019,"3",3.93915,"1.0","6.2"
"56",2019,"4",8.7714,"4.3","17.8"
"56",2020,"1",4.87085,"0.7","4.5"
"56",2020,"2",2.7643,"1.2","5.1"
"56",2020,"3",5.7604,"3.5","7.2"
"56",2020,"4",5.990175,"0.9","44.8"
"56",2021,"1",6.9167,"4.4","13.2"
"56",2021,"2",4.2375,"1.0","7.7"
"56",2021,"3",14.0214,"4.5","32.6"
"56",2021,"4",2,"0.5","4.0"
"56",2022,"1",2.0571,"0.8","4.1"
"72",2015,"2",8.5917,"3.4","15.7"
"72",2015,"3",8.35,"3.7","15.9"
"72",2015,"4",5.8786,"3.1","10.5"
"72",2016,"1",5.475,"3.0","8.3"
"72",2016,"2",9.8077,"5.4","22.2"
"72",2016,"3",10.0583,"5.2","18.0"
"72",2016,"4",6.4,"3.9","8.0"
"72",2017,"1",6.925,"4.7","10.2"
"72",2018,"2",11.95,"5.0","32.8"
"72",2019,"1",5.6067,"3.3","11.9"
"72",2019,"2",7.1286,"3.4","21.3"
"72",2019,"4",6.4467,"3.3","12.5"
"72",2020,"4",7.2769,"3.4","18.6"
"72",2021,"1",5.7643,"4.0","10.2"
"72",2021,"2",9.3077,"4.9","23.3"
"72",2021,"3",8.8643,"3.2","19.7"
"72",2021,"4",6.45,"4.1","16.2"
"72",2022,"1",5.4667,"2.8","18.3"
"72",2022,"2",8.4583,"4.9","19.2"
"04",2015,"1",6.3964,"0.5","6.5"
"04",2015,"2",8.112325,"1.6","7.6"
"04",2015,"3",6.69486666666667,"2.2","5.1"
"04",2015,"4",8.93333333333333,"2.2","8.3"
"04",2016,"1",5.71666666666667,"0.4","22.3"
"04",2016,"2",7.88513333333333,"1.0","9.9"
"04",2016,"3",11.8988,"2.6","9.6"
"04",2016,"4",8.5642,"1.9","17.8"
"04",2017,"1",5.3822,"0.5","7.5"
"04",2017,"2",8.40223333333333,"1.0","6.8"
"04",2017,"3",7.89143333333333,"1.4","7.2"
"04",2017,"4",9.8027,"0.5","4.2"
"04",2018,"1",6.2313,"0.8","9.0"
"04",2018,"2",8.49586666666667,"2.1","4.1"
"04",2018,"3",8.0017,"1.9","7.8"
"04",2018,"4",5.1946,"0.2","2.9"
"04",2019,"1",4.56273333333333,"0.4","8.0"
"04",2019,"2",7.0046,"1.5","9.4"
"04",2019,"3",6.98356666666667,"0.1","5.1"
"04",2019,"4",6.39763333333333,"0.7","9.3"
"04",2020,"1",4.14133333333333,"0.6","2.6"
"04",2020,"2",7.94223333333333,"1.5","26.9"
"04",2020,"3",13.1826333333333,"1.9","61.6"
"04",2020,"4",14.085,"2.8","47.1"
"04",2021,"1",7.84335,"1.6","28.5"
"04",2021,"2",10.60835,"2.6","40.4"
"04",2021,"3",9.39645,"2.5","34.0"
"04",2021,"4",6.4556,"0.2","9.7"
"04",2022,"1",5.23976666666667,"0.9","7.8"
"04",2022,"2",8.6327,"1.7","9.6"
"04",2022,"3",3.1214,"2.0","6.3"
"45",2015,"1",7.33495,"3.3","14.8"
"45",2015,"2",8.62001818181818,"2.5","36.1"
"45",2015,"3",8.77696666666667,"0.8","23.5"
"45",2015,"4",6.9557875,"0.4","21.9"
"45",2016,"1",7.78527142857143,"1.6","22.5"
"45",2016,"2",7.81512222222222,"1.7","18.2"
"45",2016,"3",7.40261111111111,"1.3","16.7"
"45",2016,"4",9.63467894736842,"1.4","87.7"
"45",2017,"1",7.72816,"2.5","21.9"
"45",2017,"2",7.1280125,"0.8","21.1"
"45",2017,"3",8.36455714285714,"2.7","22.8"
"45",2017,"4",7.99223333333333,"1.5","34.0"
"45",2018,"1",7.3069625,"1.4","26.8"
"45",2018,"2",7.22554444444444,"1.6","15.0"
"45",2018,"3",7.646725,"2.0","21.5"
"45",2018,"4",6.84824444444444,"1.2","19.8"
"45",2019,"1",6.85212222222222,"0.1","19.0"
"45",2019,"2",7.3867,"0.8","18.7"
"45",2019,"3",8.78137777777778,"0.4","18.9"
"45",2019,"4",7.10245,"0.4","19.0"
"45",2020,"1",6.572,"0.5","17.8"
"45",2020,"2",6.44058,"0.2","9.9"
"45",2020,"3",7.72747,"0.3","41.4"
"45",2020,"4",7.25024444444444,"1.8","20.1"
"45",2021,"1",6.63103,"0.4","8.0"
"45",2021,"2",7.65603,"1.8","22.2"
"45",2021,"3",9.19293333333333,"1.2","26.4"
"45",2021,"4",7.6572125,"0.9","32.2"
"45",2022,"1",7.620575,"1.5","26.2"
"45",2022,"2",7.63293,"1.5","9.8"
"45",2022,"3",6.87906666666667,"2.1","17.7"
